2.747778e-02 
2.747778e-02 
2.747778e-02 
2.747778e-02 
2.747778e-02 
2.747778e-02 
2.747778e-02 
3.804382e-02 

3.804382e-02 
3.804382e-02 
3.804382e-02 
3.804382e-02 
3.804382e-02 
3.804382e-02 
-3.294231e-02 
3.804382e-02 

3.804382e-02 
3.804382e-02 
3.804382e-02 
3.804382e-02 
3.804382e-02 
3.804382e-02 
-3.059231e-02 
3.804382e-02 

3.804382e-02 
3.804382e-02 
3.804382e-02 
3.804382e-02 
3.804382e-02 
3.804382e-02 
-3.059231e-02 
3.804382e-02 

3.804382e-02 
3.804382e-02 
3.804382e-02 
3.804382e-02 
3.804382e-02 
3.804382e-02 
-3.059231e-02 
3.804382e-02 

3.804382e-02 
3.804382e-02 
3.804382e-02 
3.804382e-02 
3.804382e-02 
3.804382e-02 
-3.059231e-02 
3.804382e-02 

3.804382e-02 
3.804382e-02 
3.804382e-02 
3.804382e-02 
3.804382e-02 
3.804382e-02 
-3.059231e-02 
1.881452e+00 

1.881452e+00 
2.183583e+00 
2.183583e+00 
2.183583e+00 
2.183583e+00 
2.183583e+00 
3.885193e+00 
1.884619e+00 

