1.881452e+00 
2.183583e+00 
2.183583e+00 
2.183583e+00 
2.183583e+00 
2.183583e+00 
3.885193e+00 
1.884619e+00 

1.884619e+00 
1.577129e+00 
1.577129e+00 
1.577129e+00 
1.577129e+00 
1.577129e+00 
-nan 
1.577129e+00 

1.577129e+00 
1.577129e+00 
1.577129e+00 
1.577129e+00 
1.577129e+00 
1.577129e+00 
-1.246075e+00 
1.577129e+00 

1.577129e+00 
1.577129e+00 
1.577129e+00 
1.577129e+00 
1.577129e+00 
1.577129e+00 
-nan 
1.577129e+00 

1.577129e+00 
1.577129e+00 
1.577129e+00 
1.577129e+00 
1.577129e+00 
1.577129e+00 
-1.246075e+00 
1.577129e+00 

1.577129e+00 
1.577129e+00 
1.577129e+00 
1.577129e+00 
1.577129e+00 
1.577129e+00 
-1.529141e+00 
1.577129e+00 

1.577129e+00 
1.577129e+00 
1.577129e+00 
1.577129e+00 
1.577129e+00 
2.867916e+00 
-7.014209e+00 
6.317283e-01 

6.317283e-01 
-1.126124e+00 
-1.126124e+00 
-1.126124e+00 
-1.126124e+00 
-1.126124e+00 
9.192956e+00 
-1.091095e+00 

