6.317283e-01 
-1.126124e+00 
-1.126124e+00 
-1.126124e+00 
-1.126124e+00 
-1.126124e+00 
9.192956e+00 
-1.091095e+00 

-1.091095e+00 
-1.398586e+00 
-1.398586e+00 
-1.398586e+00 
-1.398586e+00 
-1.398586e+00 
-nan 
-1.398586e+00 

-1.398586e+00 
-1.398586e+00 
-1.398586e+00 
-1.398586e+00 
-1.398586e+00 
-1.398586e+00 
-nan 
-1.398586e+00 

-1.398586e+00 
-1.398586e+00 
-1.398586e+00 
-1.398586e+00 
-1.398586e+00 
-1.398586e+00 
-nan 
-1.398586e+00 

-1.398586e+00 
-1.398586e+00 
-1.398586e+00 
-1.398586e+00 
-1.398586e+00 
-1.398586e+00 
-9.465580e+00 
-1.398586e+00 

-1.398586e+00 
-1.398586e+00 
-1.398586e+00 
-1.398586e+00 
-1.398586e+00 
-1.398586e+00 
-9.748645e+00 
-1.398586e+00 

-1.398586e+00 
-1.398586e+00 
-1.398586e+00 
-1.398586e+00 
-1.398586e+00 
-1.077991e-01 
-1.087776e+01 
5.300000e-01 

5.300000e-01 
1.000000e+00 
6.726183e+188 
2.075360e-317 
2.346534e-310 
0.000000e+00 
6.953093e-310 
2.121996e-314 

